---
maxVel: 30.0
maxAccel: 40.0
maxAngVel: 3.141592653589793
maxAngAccel: 3.141592653589793
robotLength: 15.0
robotWidth: 10.75
driveType: "MECANUM"
trackWidth: 14.0
lateralMultiplier: 1.0
