---
startPose:
  x: 0.0
  y: 0.0
  heading: 1.0471975511965976
steps:
- pose:
    x: 84.0
    y: -5.0
    heading: -1.0471975511965976
  heading: 1.5707963267948966
  interpolationType: "LINEAR"
resolution: 0.25
version: 2
