---
startPose:
  x: 44.0
  y: 48.0
  heading: 1.5707963267948966
startHeading: 0.0
steps:
- pose:
    x: -20.0
    y: 33.0
    heading: -0.0
  heading: -1.5707963267948966
  interpolationType: "LINEAR"
resolution: 0.25
version: 2
