---
startPose:
  x: 38.0
  y: 31.0
  heading: -1.5707963267948966
startHeading: 4.71238898038469
steps:
- pose:
    x: 44.0
    y: 48.0
    heading: 0.0
  heading: 0.0
  interpolationType: "LINEAR"
resolution: 0.25
version: 2
