---
startPose:
  x: -65.0
  y: 65.0
  heading: -1.5707963267948966
startHeading: 1.5707963267948966
steps:
- pose:
    x: -5.0
    y: 30.0
    heading: 0.5235987755982988
  heading: -0.7853981633974483
  interpolationType: "SPLINE"
resolution: 0.25
version: 2
