---
startPose:
  x: 28.0
  y: 44.0
  heading: 0.0
steps:
- pose:
    x: -38.0
    y: 32.0
    heading: -1.5707963267948966
  heading: -1.5707963267948966
  interpolationType: "LINEAR"
resolution: 0.25
version: 2
